67,8
67,7
67,6
67,5
67,4
67,3
67,2
67,1
67,0
65,9
0,521
0,520
66,7
66,6
66,5
66,4
66,3
66,2
66,1
66,0
0,519
0,518
65,8
65,7
65,6
65,5
65,4
65,3
65,2
65,1
65,0
0,517
64,8
64,7
64,6
64,5
64,4
64,3
64,2
0,516
64,1
64,0
63,7
63,6
63,5
63,4
63,3
63,2
63,1
63,0
62,7
62,6
62,5
62,4
62,3
62,2
62,1
62,0
14,5
14,4
61,8
61,7
61,6
61,5
61,4
61,3
61,2
61,1
61,0
0,515
0,514
58,8
58,7
58,6
58,5
58,4
0,513
0,512
0,511
60,7
60,6
60,5
60,4
60,3
60,2
60,1
60,0
0,510
0,509
59,7
59,6
59,5
59,4
59,3
59,2
59,1
59,0
0,508
0,507
56,7
56,6
56,5
0,506
58,3
58,2
58,1
58,0
57,3
57,2
57,1
57,0
56,4
56,3
56,2
56,1
56,0
55,3
55,2
55,1
55,0
54,3
54,2
54,1
54,0
53,7
53,6
53,5
53,4
53,3
53,2
53,1
53,0
0,278
50,7
50,6
50,5
50,4
50,2
50,0
0,505
0,472
52,8
52,7
52,6
52,5
52,4
52,3
52,2
